53,4
69,5
30,5
44,5
70,2
47,5
70,3
3,2
10,266
10,64
10,178
10,92
10,120
69,3
69,1
66,3
11,24
66,1
11,26
62,3
11,20
62,1
11,6
60,3
11,18
60,1
54,3
54,1
53,3
53,1
52,3
52,1
51,3
8,15
51,1
47,3
47,1
46,4
46,3
46,1
44,3
44,1
41,3
41,1
39,3
39,1
37,3
37,1
35,3
30,3
30,1
27,3
27,1
12,3
12,2
12,1
11,27
11,23
11,19
11,17
11,16
11,15
11,14
11,13
11,12
11,11
11,10
11,9
11,8
11,7
11,5
11,4
20,2
11,3
20,1
11,2
20,3
11,1
10,296
10,289
10,279
10,257
10,253
10,251
10,243
10,193
10,176
10,170
10,164
10,139
10,136
19,2
10,135
19,1
10,129
19,3
10,124
10,122
10,119
10,71
10,21
10,19
10,14
10,6
10,5
10,3
10,2
10,1
9,7
9,6
9,5
18,1
9,4
18,3
9,3
9,2
9,1
8,17
8,16
8,14
